-3.605626900446606831e-03
1.255663547776406652e+00
9.565951330041482237e+00
4.156263669321668353e+00
3.816057057741872871e+00
7.623720595640750552e+00
5.128917195357410641e+00
4.278539879925766343e+00
5.682926437464165481e+00
2.897406140456137980e-01
-1.564701043927446467e+00
2.639819719580806634e+00
1.007972339409463736e+01
5.486863465283359886e+00
-2.309820807456728353e+00
-1.940782778990356672e+00
-2.015120302979072964e+00
-1.195846237924345523e+00
6.517097585760124545e+00
3.951749492054456248e+00
-1.027069570280650934e+00
2.839543548240524462e+00
4.691364893477220299e+00
2.684263569424487628e-01
1.920796420019110107e+00
7.481384234910338549e+00
4.688357113313275981e+00
-1.814107851293266016e+00
5.374763075018168301e+00
4.449240594832984286e+00
2.283496707879558496e+00
5.024574973624787333e+00
3.327360625835086072e+00
-4.233430921309941475e+00
1.822146209031951347e+00
1.931578359869769779e+00
2.692619039393479685e+00
4.420591628997586398e+00
5.655057182574621422e+00
-1.975920836855300511e+00
