4.498796507703636038e+00
6.785091123344376918e+00
1.263598852751810941e+00
-3.770944833036498078e+00
7.381072026442678791e+00
-1.579464282074189097e+00
2.814753424381621905e-02
1.562279275905508191e+00
8.101368233557844079e+00
-1.988914708282570443e+00
5.330563391881915081e-01
7.633752492169221249e-01
6.240832347786010814e+00
8.062778073398794376e+00
-3.506152296009982461e+00
3.652435524174394654e+00
4.575004044649487511e+00
8.460480919838473390e-01
3.506038645700715328e+00
3.486052423893019725e+00
2.921929733652145256e+00
3.883949104474172298e+00
-2.671823552344967379e+00
1.320487969806087181e+00
8.971729867388201773e-01
3.671837800004657204e+00
7.233381070266530877e+00
-1.049257061739972574e+00
-3.072576946163941169e+00
-1.042742316115539691e-01
1.570874385406003881e+00
7.310088554751460244e+00
-8.960908426099565283e-01
-1.169060591515322711e+00
7.025217096183453136e-02
2.172897948336753871e+00
9.000004625802143110e+00
3.231028435194237769e+00
-9.776015440734213691e-01
2.734631830848319733e+00
